6836364676 15 רע. 337.77 10 12 12
8097936276 15 רע. 305.06 25 7  33
9533200180 30 רע. 92.6   8  19 24
3318015864 32 רע. 469.6  24 21 34
4870083139 25 רע. 152.4  17 8  9
7182284941 41 רע. 190.72 14 5  25
5761127274 2  רע. 257.96 18 23 19
2943454650 18 רע. 418.48 0  9  8
5070755003 35 רע. 267.37 25 13 42
4697189546 16 רע. 120.5  24 10 37
5585013575 14 רע. 377.47 24 9  9
5522754174 33 רע. 83.23  22 0  46
3225104250 12 רע. 384.57 4  15 43
5206384725 23 רע. 383.66 12 15 49
7746706616 44 רע. 87.81  17 21 47
5091437799 40 רע. 369.87 19 15 28
9113521994 18 רע. 245.99 25 14 29
8262214893 35 רע. 498.38 9  11 2
5482568814 18 רע. 497.64 0  2  12
3207515043 22 רע. 181.11 9  17 32
7588857769 32 רע. 87.05  13 21 49
0620153484 22 רע. 289.29 16 10 36
6875510140 4  רע. 50.3   7  15 35
6087872641 27 רע. 143.48 23 18 5
5971773714 44 רע. 354.97 19 19 36
8619427728 1  רע. 433.86 17 8  38
6223752399 5  רע. 354.37 18 3  26
0447221669 28 רע. 428.83 17 15 40
3350527164 32 רע. 77.13  5  11 9
3876880402 35 רע. 486.99 11 14 23
