  1   320011   רע.   221.50     200      180       180      260
  1   324531   רע.    35.14     500      600       510      610
  5   621412   רע.    53.14     440      460       442      434
  5   623462   רע.    35.30    3200     2900      3060     3070
 14   386410   רע.    15.60     400      600       400      410
  3   410410   רע.     8.20    2500     2600      2100     2200
  3   410411   רע.     9.60    1100     1200      1170     1190
 12   529270   רע.   445.20     500      700       510      710
 12   521570   רע.     5.80    5000     8000      6600     7500
 12   530510   רע.    19.80    8200     8200      8050     8130
 14   759003   ךד     54.70     660      600       630      650
 14   769344   ךד     88.80     440      450       460      470
 14   780088   ךד     95.50     740      750       730      760
  1   337288   רע.   665.70     200      250       220      222
  1   338666   רע.    12.10    1900     2500      1990     2110
 14   385005   רע.   280.75     110      120        95       98
 14   385571   רע.   444.40     150      160       155      159
 14   385629   רע.   188.25     250      250       260      252
 14   386388   רע.    82.14     560      700       577      655
  3   410501   רע.   114.70     470      450       475      477
  3   410515   רע.    62.60     600      600       595      622
  2   521682   רע.   280.70     120      100        95       99
  2   521695   רע.    16.70    4000     4200      3900     3990
  2   528283   רע.   685.00     280      300       288      305
  5   620405   רע.   890.00     160      170       162      155
  5   611411   רע.   876.90     110      120       123      125
  5   601515   רע.    41.40     560      600       578      588
  5   622277   רע.    28.60    1800     2000      1810     1856
